camera1:
cx=0
cy=0
w=880
h=800
kx=0.0253324
ky=0.0501253
camera2:
cx=375
cy=230
w=150
h=200
kx=0.0529100
ky=0.0260756